34.819715,114.322043
34.819691,114.322062
34.819691,114.322062
34.819691,114.322062
34.819691,114.322062
34.819691,114.322062
34.819691,114.322062
34.819691,114.322062
34.819691,114.322062
34.819691,114.322062
34.823663,114.319277
34.823663,114.319277
34.823651,114.319271
34.823651,114.319271
34.823651,114.319271
34.823651,114.319271
34.823649,114.319269
34.823649,114.319269
34.823649,114.319269
34.823636,114.319257
34.823636,114.319257
34.823636,114.319257
34.823631,114.319252
34.823631,114.319252
34.823631,114.319252
34.823631,114.319252
34.823627,114.319248
34.823627,114.319248
34.823627,114.319248
34.823613,114.319241
34.823613,114.319241
34.823613,114.319241
34.823599,114.319234
34.823599,114.319234
34.823599,114.319234
34.823599,114.319234
34.823597,114.319232
34.823597,114.319232
34.823597,114.319232
34.823585,114.319223
34.823585,114.319223
34.823585,114.319223
34.823571,114.319216
34.823571,114.319216
34.823571,114.319216
34.823571,114.319216
34.823559,114.319209
34.823559,114.319209
34.823559,114.319209
34.823545,114.319202
34.823545,114.319202
34.823545,114.319202
34.823531,114.319195
34.823531,114.319195
34.823531,114.319195
34.823531,114.319195
34.823525,114.319191
34.823525,114.319191
34.823525,114.319191
34.823519,114.319186
34.823519,114.319186
34.823519,114.319186
34.823508,114.319172
34.823508,114.319172
34.823508,114.319172
34.823508,114.319172
34.823504,114.319169
34.823504,114.319169
34.823504,114.319169
34.823493,114.319157
34.823493,114.319157
34.823493,114.319157
34.823487,114.31915
34.823487,114.31915
34.823487,114.31915
34.823487,114.31915
34.823485,114.319148
34.823485,114.319148
34.823485,114.319148
34.823482,114.319144
34.823482,114.319144
34.823482,114.319144
34.823475,114.31914
34.823475,114.31914
34.823475,114.31914
34.823475,114.31914
34.823472,114.319138
34.823472,114.319138
34.823472,114.319138
34.823462,114.319125
34.823462,114.319125
34.823462,114.319125
34.823462,114.319125
34.823461,114.319123
34.823461,114.319123
34.823461,114.319123
34.823451,114.319111
34.823451,114.319111
34.823451,114.319111
34.82344,114.319098
34.82344,114.319098
34.82344,114.319098
34.82344,114.319098
34.823438,114.319097
34.823438,114.319097
34.823438,114.319097
34.823429,114.31909
34.823429,114.31909
34.823429,114.31909
34.823421,114.319083
34.823421,114.319083
34.823421,114.319083
34.823421,114.319083
34.823418,114.319081
34.823418,114.319081
34.823418,114.319081
34.823409,114.319072
34.823409,114.319072
34.823409,114.319072
34.823401,114.319061
34.823401,114.319061
34.823401,114.319061
34.823401,114.319061
34.823396,114.319055
34.823396,114.319055
34.823396,114.319055
34.823394,114.319053
34.823394,114.319053
34.823394,114.319053
34.823383,114.319044
34.823383,114.319044
34.823383,114.319044
34.823383,114.319044
34.823373,114.319034
34.823373,114.319034
34.823373,114.319034
34.823371,114.319033
34.823371,114.319033
34.823371,114.319033
34.823362,114.319028
34.823362,114.319028
34.823362,114.319028
34.823362,114.319028
34.82335,114.319018
34.82335,114.319018
34.82335,114.319018
34.823338,114.319007
34.823338,114.319007
34.823338,114.319007
34.823334,114.319003
34.823334,114.319003
34.823334,114.319003
34.823334,114.319003
34.823331,114.319
34.823331,114.319
34.823331,114.319
34.823326,114.318998
34.823326,114.318998
34.823326,114.318998
34.823321,114.318992
34.823321,114.318992
34.823321,114.318992
34.823321,114.318992
34.823317,114.31899
34.823317,114.31899
34.823317,114.31899
34.823309,114.318985
34.823309,114.318985
34.823309,114.318985
34.823294,114.318968
34.823294,114.318968
34.823294,114.318968
34.823294,114.318968
34.82329,114.318964
34.82329,114.318964
34.82329,114.318964
34.823286,114.318962
34.823286,114.318962
34.823286,114.318962
34.823279,114.318958
34.823279,114.318958
34.823279,114.318958
34.823279,114.318958
34.823276,114.318954
34.823276,114.318954
34.823276,114.318954
34.823274,114.318952
34.823274,114.318952
34.823274,114.318952
34.823274,114.318952
34.82326,114.318945
34.82326,114.318945
34.82326,114.318945
34.823256,114.318941
34.823256,114.318941
34.823256,114.318941
34.823243,114.318931
34.823243,114.318931
34.823243,114.318931
34.823243,114.318931
34.823237,114.318927
34.823237,114.318927
34.823237,114.318927
34.823232,114.318922
34.823232,114.318922
34.823232,114.318922
34.823222,114.318911
34.823222,114.318911
34.823222,114.318911
34.823222,114.318911
34.823216,114.318905
34.823216,114.318905
34.823216,114.318905
34.823205,114.318894
34.823205,114.318894
34.823205,114.318894
34.823186,114.318884
34.823186,114.318884
34.823186,114.318884
34.823186,114.318884
34.823183,114.318881
34.823183,114.318881
34.823183,114.318881
34.823181,114.318878
34.823181,114.318878
34.823181,114.318878
34.823173,114.31887
34.823173,114.31887
34.823173,114.31887
34.823173,114.31887
34.823167,114.318867
34.823167,114.318867
34.823167,114.318867
34.823162,114.318862
34.823162,114.318862
34.823162,114.318862
34.823148,114.318854
34.823148,114.318854
34.823148,114.318854
34.823148,114.318854
34.823142,114.318846
34.823142,114.318846
34.823142,114.318846
34.823133,114.318837
34.823133,114.318837
34.823133,114.318837
34.823122,114.318826
34.823122,114.318826
34.823122,114.318826
34.823122,114.318826
34.82312,114.318824
34.82312,114.318824
34.82312,114.318824
34.823112,114.318819
34.823112,114.318819
34.823112,114.318819
34.82311,114.318817
34.82311,114.318817
34.82311,114.318817
34.82311,114.318817
34.823098,114.318808
34.823098,114.318808
34.823098,114.318808
34.823086,114.318798
34.823086,114.318798
34.823086,114.318798
34.823086,114.318798
34.823077,114.318794
34.823077,114.318794
34.823077,114.318794
34.82307,114.318789
34.82307,114.318789
34.82307,114.318789
34.823062,114.318779
34.823062,114.318779
34.823062,114.318779
34.823062,114.318779
34.823058,114.318776
34.823058,114.318776
34.823058,114.318776
34.823046,114.318766
34.823046,114.318766
34.823046,114.318766
34.823033,114.318757
34.823033,114.318757
34.823033,114.318757
34.823033,114.318757
34.823021,114.31875
34.823021,114.31875
34.823021,114.31875
34.823008,114.318736
34.823008,114.318736
34.823008,114.318736
34.823007,114.318734
34.823007,114.318734
34.823007,114.318734
34.823007,114.318734
34.822993,114.318715
34.822993,114.318715
34.822993,114.318715
34.822984,114.318707
34.822984,114.318707
34.822984,114.318707
34.822981,114.318706
34.822981,114.318706
34.822981,114.318706
34.822981,114.318706
34.822964,114.318693
34.822964,114.318693
34.822964,114.318693
34.822958,114.318684
34.822958,114.318684
34.822958,114.318684
34.822956,114.318682
34.822956,114.318682
34.822956,114.318682
34.822956,114.318682
34.822943,114.318674
34.822943,114.318674
34.822943,114.318674
34.822932,114.318665
34.822932,114.318665
34.822932,114.318665
34.822918,114.318658
34.822918,114.318658
34.822918,114.318658
34.822918,114.318658
34.822907,114.318649
34.822907,114.318649
34.822907,114.318649
34.822897,114.318642
34.822897,114.318642
34.822897,114.318642
34.822889,114.318636
34.822889,114.318636
34.822889,114.318636
34.822889,114.318636
34.822879,114.318628
34.822879,114.318628
34.822879,114.318628
34.822867,114.318619
34.822867,114.318619
34.822867,114.318619
34.822865,114.318617
34.822865,114.318617
34.822865,114.318617
34.822865,114.318617
34.822862,114.318615
34.822862,114.318615
34.822862,114.318615
34.822854,114.318608
34.822854,114.318608
34.822854,114.318608
34.822854,114.318608
34.822842,114.318598
34.822842,114.318598
34.822842,114.318598
34.822829,114.318581
34.822829,114.318581
34.822829,114.318581
34.822825,114.318578
34.822825,114.318578
34.822825,114.318578
34.822825,114.318578
34.822814,114.318565
34.822814,114.318565
34.822814,114.318565
34.822812,114.318563
34.822812,114.318563
34.822812,114.318563
34.822801,114.318556
34.822801,114.318556
34.822801,114.318556
34.822801,114.318556
34.822792,114.318547
34.822792,114.318547
34.822792,114.318547
34.82278,114.318532
34.82278,114.318532
34.82278,114.318532
34.822774,114.318526
34.822774,114.318526
34.822774,114.318526
34.822774,114.318526
34.822771,114.318524
34.822771,114.318524
34.822771,114.318524
34.822765,114.31852
34.822765,114.31852
34.822765,114.31852
34.822757,114.31851
34.822757,114.31851
34.822757,114.31851
34.822757,114.31851
34.822754,114.318507
34.822754,114.318507
34.822754,114.318507
34.822745,114.318498
34.822745,114.318498
34.822745,114.318498
34.82274,114.318492
34.82274,114.318492
34.82274,114.318492
34.82274,114.318492
34.82273,114.318481
34.82273,114.318481
34.82273,114.318481
34.822717,114.318474
34.822717,114.318474
34.822717,114.318474
34.822711,114.318466
34.822711,114.318466
34.822711,114.318466
34.822711,114.318466
34.822706,114.318463
34.822706,114.318463
34.822706,114.318463
34.822704,114.318461
34.822704,114.318461
34.822704,114.318461
34.822704,114.318461
34.822695,114.318453
34.822695,114.318453
34.822695,114.318453
34.822687,114.318446
34.822687,114.318446
34.822687,114.318446
34.822684,114.318442
34.822684,114.318442
34.822684,114.318442
34.822684,114.318442
34.822673,114.318433
34.822673,114.318433
34.822673,114.318433
34.822659,114.318425
34.822659,114.318425
34.822659,114.318425
34.822651,114.318413
34.822651,114.318413
34.822651,114.318413
34.822651,114.318413
34.822638,114.318395
34.822638,114.318395
34.822638,114.318395
34.822627,114.318381
34.822627,114.318381
34.822627,114.318381
34.822625,114.31838
34.822625,114.31838
34.822625,114.31838
34.822625,114.31838
34.822623,114.318378
34.822623,114.318378
34.822623,114.318378
34.822612,114.318364
34.822612,114.318364
34.822612,114.318364
34.822611,114.318362
34.822611,114.318362
34.822611,114.318362
34.822611,114.318362
34.822599,114.318355
34.822599,114.318355
34.822599,114.318355
34.822594,114.318349
34.822594,114.318349
34.822594,114.318349
34.822587,114.318343
34.822587,114.318343
34.822587,114.318343
34.822587,114.318343
34.822579,114.318333
34.822579,114.318333
34.822579,114.318333
34.822575,114.31833
34.822575,114.31833
34.822575,114.31833
34.82256,114.318323
34.82256,114.318323
34.82256,114.318323
34.82256,114.318323
34.822552,114.318317
34.822552,114.318317
34.822552,114.318317
34.822547,114.318314
34.822547,114.318314
34.822547,114.318314
34.822537,114.318307
34.822537,114.318307
34.822537,114.318307
34.822537,114.318307
34.822533,114.318301
34.822533,114.318301
34.822533,114.318301
34.822523,114.318289
34.822523,114.318289
34.822523,114.318289
34.822523,114.318289
34.822513,114.318282
34.822513,114.318282
34.822513,114.318282
34.822508,114.318279
34.822508,114.318279
34.822508,114.318279
34.8225,114.318272
34.8225,114.318272
34.8225,114.318272
34.8225,114.318272
34.822498,114.318269
34.822498,114.318269
34.822498,114.318269
34.822494,114.318264
34.822494,114.318264
34.822494,114.318264
34.822482,114.318259
34.822482,114.318259
34.822482,114.318259
34.822482,114.318259
34.822463,114.318245
34.822463,114.318245
34.822463,114.318245
34.822453,114.318236
34.822453,114.318236
34.822453,114.318236
34.822449,114.31823
34.822449,114.31823
34.822449,114.31823
34.822449,114.31823
34.822435,114.318222
34.822435,114.318222
34.822435,114.318222
34.822427,114.318215
34.822427,114.318215
34.822427,114.318215
34.822415,114.318207
34.822415,114.318207
34.822415,114.318207
34.822415,114.318207
34.822413,114.318205
34.822413,114.318205
34.822413,114.318205
34.822404,114.318192
34.822404,114.318192
34.822404,114.318192
34.822397,114.318183
34.822397,114.318183
34.822397,114.318183
34.822397,114.318183
34.822386,114.318172
34.822386,114.318172
34.822386,114.318172
34.822372,114.318162
34.822372,114.318162
34.822372,114.318162
34.822362,114.318149
34.822362,114.318149
34.822362,114.318149
34.822362,114.318149
34.82236,114.318147
34.82236,114.318147
34.82236,114.318147
34.822347,114.31813
34.822347,114.31813
34.822347,114.31813
34.822337,114.318123
34.822337,114.318123
34.822337,114.318123
34.822337,114.318123
34.822329,114.318117
34.822329,114.318117
34.822329,114.318117
34.822319,114.31811
34.822319,114.31811
34.822319,114.31811
34.822319,114.31811
34.822309,114.318104
34.822309,114.318104
34.822309,114.318104
34.822301,114.318094
34.822301,114.318094
34.822301,114.318094
34.822296,114.318091
34.822296,114.318091
34.822296,114.318091
34.822296,114.318091
34.822287,114.318079
34.822287,114.318079
34.822287,114.318079
34.822276,114.318066
34.822276,114.318066
34.822276,114.318066
34.822274,114.318064
34.822274,114.318064
34.822274,114.318064
34.822274,114.318064
34.822259,114.318057
34.822259,114.318057
34.822259,114.318057
34.822249,114.31805
34.822249,114.31805
34.822249,114.31805
34.822241,114.31804
34.822241,114.31804
34.822241,114.31804
34.822241,114.31804
34.822231,114.318034
34.822231,114.318034
34.822231,114.318034
34.822217,114.318014
34.822217,114.318014
34.822217,114.318014
34.822203,114.318001
34.822203,114.318001
34.822203,114.318001
34.822203,114.318001
34.822193,114.317989
34.822193,114.317989
34.822193,114.317989
34.822185,114.317979
34.822185,114.317979
34.822185,114.317979
34.822172,114.31797
34.822172,114.31797
34.822172,114.31797
34.822172,114.31797
34.822169,114.317968
34.822169,114.317968
34.822169,114.317968
34.822158,114.317956
34.822158,114.317956
34.822158,114.317956
34.82215,114.317946
34.82215,114.317946
34.82215,114.317946
34.82215,114.317946
34.822138,114.317935
34.822138,114.317935
34.822138,114.317935
34.822136,114.317933
34.822136,114.317933
34.822136,114.317933
34.822136,114.317933
34.822123,114.317924
34.822123,114.317924
34.822123,114.317924
34.822114,114.317913
34.822114,114.317913
34.822114,114.317913
34.822103,114.317906
34.822103,114.317906
34.822103,114.317906
34.822103,114.317906
34.82209,114.317896
34.82209,114.317896
34.82209,114.317896
34.822081,114.317888
34.822081,114.317888
34.822081,114.317888
34.822079,114.317887
34.822079,114.317887
34.822079,114.317887
34.822079,114.317887
34.82206,114.31788
34.82206,114.31788
34.82206,114.31788
34.822044,114.31787
34.822044,114.31787
34.822044,114.31787
34.822032,114.317864
34.822032,114.317864
34.822032,114.317864
34.822032,114.317864
34.822022,114.317858
34.822022,114.317858
34.822022,114.317858
34.822012,114.317847
34.822012,114.317847
34.822012,114.317847
34.821994,114.317838
34.821994,114.317838
34.821994,114.317838
34.821994,114.317838
34.821986,114.317828
34.821986,114.317828
34.821986,114.317828
34.821974,114.317818
34.821974,114.317818
34.821974,114.317818
34.821962,114.317807
34.821962,114.317807
34.821962,114.317807
34.821962,114.317807
34.821954,114.317797
34.821954,114.317797
34.821954,114.317797
34.821937,114.317787
34.821937,114.317787
34.821937,114.317787
34.821927,114.317777
34.821927,114.317777
34.821927,114.317777
34.821927,114.317777
34.821918,114.317768
34.821918,114.317768
34.821918,114.317768
34.821907,114.317763
34.821907,114.317763
34.821907,114.317763
34.821897,114.317756
34.821897,114.317756
34.821897,114.317756
34.821897,114.317756
34.821887,114.317749
34.821887,114.317749
34.821887,114.317749
34.821875,114.317742
34.821875,114.317742
34.821875,114.317742
34.821875,114.317742
34.821862,114.317731
34.821862,114.317731
34.821862,114.317731
34.821849,114.317721
34.821849,114.317721
34.821849,114.317721
34.821836,114.317706
34.821836,114.317706
34.821836,114.317706
34.821836,114.317706
34.821822,114.317689
34.821822,114.317689
34.821822,114.317689
34.82181,114.317684
34.82181,114.317684
34.82181,114.317684
34.821808,114.317682
34.821808,114.317682
34.821808,114.317682
34.821808,114.317682
34.821789,114.317671
34.821789,114.317671
34.821789,114.317671
34.821775,114.317659
34.821775,114.317659
34.821775,114.317659
34.821762,114.317645
34.821762,114.317645
34.821762,114.317645
34.821762,114.317645
34.821751,114.31764
34.821751,114.31764
34.821751,114.31764
34.821737,114.317633
34.821737,114.317633
34.821737,114.317633
34.821724,114.317624
34.821724,114.317624
34.821724,114.317624
34.821724,114.317624
34.821713,114.317619
34.821713,114.317619
34.821713,114.317619
34.821698,114.317603
34.821698,114.317603
34.821698,114.317603
34.821682,114.317592
34.821682,114.317592
34.821682,114.317592
34.821682,114.317592
34.821672,114.317585
34.821672,114.317585
34.821672,114.317585
34.82166,114.31757
34.82166,114.31757
34.82166,114.31757
34.821649,114.317557
34.821649,114.317557
34.821649,114.317557
34.821649,114.317557
34.821647,114.317556
34.821647,114.317556
34.821647,114.317556
34.821634,114.317548
34.821634,114.317548
34.821634,114.317548
34.821617,114.317539
34.821617,114.317539
34.821617,114.317539
34.821617,114.317539
34.821608,114.317534
34.821608,114.317534
34.821608,114.317534
34.821597,114.317529
34.821597,114.317529
34.821597,114.317529
34.821597,114.317529
34.821583,114.317511
34.821583,114.317511
34.821583,114.317511
34.821572,114.317498
34.821572,114.317498
34.821572,114.317498
34.821561,114.317493
34.821561,114.317493
34.821561,114.317493
34.821561,114.317493
34.821561,114.317493
34.821561,114.317493
34.821561,114.317493
34.821561,114.317493
34.821561,114.317493
34.821561,114.317493
34.821561,114.317493
34.821561,114.317493
34.821561,114.317493
34.821561,114.317493
34.821561,114.317493
34.821561,114.317493
34.821561,114.317493
34.821561,114.317493
34.821561,114.317493
34.821561,114.317493
34.821561,114.317493
34.821561,114.317493
34.821561,114.317493
34.821561,114.317493
34.821561,114.317493
34.821561,114.317493
34.821561,114.317493
34.821561,114.317493
34.821561,114.317493
34.821561,114.317493
34.821561,114.317493
34.821561,114.317493
34.821561,114.317493
34.821561,114.317493
34.821561,114.317493
34.821561,114.317493
34.821561,114.317493
34.821561,114.317493
34.821561,114.317493
34.821561,114.317493
34.821561,114.317493
34.821561,114.317493
34.821561,114.317493
34.821561,114.317493
34.821561,114.317493
34.821561,114.317493
34.821561,114.317493
34.821561,114.317493
34.821561,114.317493
34.821561,114.317493
34.821561,114.317493
34.821561,114.317493
34.821561,114.317493
34.821561,114.317493
34.821561,114.317493
34.821561,114.317493
34.821561,114.317493
34.821561,114.317493
34.821561,114.317493
34.821561,114.317493
34.821561,114.317493
34.821561,114.317493
34.821561,114.317493
34.821561,114.317493
34.821561,114.317493
34.821561,114.317493
34.821561,114.317493
34.821561,114.317493
34.821561,114.317493
34.821561,114.317493
34.821561,114.317493
34.821561,114.317493
34.821561,114.317493
34.821561,114.317493
34.821561,114.317493
34.821561,114.317493
34.821561,114.317493
34.821561,114.317493
34.821561,114.317493
34.821561,114.317493
34.821561,114.317493
34.821561,114.317493
34.821561,114.317493
34.821561,114.317493
34.821561,114.317493
34.821561,114.317493
34.821561,114.317493
34.821561,114.317493
34.821561,114.317493
34.821561,114.317493
34.821561,114.317493
34.821561,114.317493
34.821561,114.317493
34.821561,114.317493
34.821561,114.317493
34.821561,114.317493
34.821561,114.317493
34.821561,114.317493
34.821561,114.317493
34.821561,114.317493
34.821561,114.317493
34.821561,114.317493
34.821561,114.317493
34.821561,114.317493
34.821561,114.317493
34.821561,114.317493
34.821561,114.317493
34.821561,114.317493
34.821561,114.317493
34.821561,114.317493
34.821561,114.317493
34.821561,114.317493
34.821561,114.317493
34.821561,114.317493
34.821561,114.317493
34.821561,114.317493
34.821561,114.317493
34.821561,114.317493
34.821561,114.317493
34.821561,114.317493
34.821561,114.317493
34.821561,114.317493
34.821561,114.317493
34.821561,114.317493
34.821561,114.317493
34.821561,114.317493
34.821561,114.317493
34.821561,114.317493
34.821561,114.317493
34.821561,114.317493
34.821561,114.317493
34.821561,114.317493
34.821561,114.317493
34.821561,114.317493
34.821561,114.317493
34.821561,114.317493
34.821561,114.317493
34.821561,114.317493
34.821561,114.317493
34.821561,114.317493
34.821561,114.317493
34.821561,114.317493
34.821561,114.317493
34.821561,114.317493
34.821561,114.317493
34.821561,114.317493
34.821561,114.317493
34.821561,114.317493
34.821561,114.317493
34.821561,114.317493
34.821561,114.317493
34.821561,114.317493
34.821561,114.317493
34.821561,114.317493
34.821561,114.317493
34.821561,114.317493
34.821561,114.317493
34.821561,114.317493
34.821561,114.317493
34.821561,114.317493
34.821561,114.317493
34.821561,114.317493
34.821561,114.317493
34.821561,114.317493
34.821561,114.317493
34.821561,114.317493
34.821561,114.317493
34.821561,114.317493
34.821561,114.317493
34.821561,114.317493
34.821561,114.317493
34.821561,114.317493
34.821561,114.317493
34.821561,114.317493
34.821561,114.317493
34.821561,114.317493
34.821561,114.317493
34.821561,114.317493
34.821561,114.317493
34.821561,114.317493
34.821561,114.317493
34.821561,114.317493
34.821561,114.317493
34.821561,114.317493
34.821561,114.317493
34.821561,114.317493
34.821561,114.317493
34.821561,114.317493
34.821561,114.317493
34.821561,114.317493
34.821561,114.317493
34.821561,114.317493
34.821561,114.317493
34.821561,114.317493
34.821561,114.317493
34.821561,114.317493
34.821561,114.317493
34.821561,114.317493
34.821561,114.317493
34.821561,114.317493
34.821561,114.317493
34.821561,114.317493
34.821561,114.317493
34.821561,114.317493
34.821561,114.317493
34.821561,114.317493
34.821561,114.317493
34.821561,114.317493
34.821561,114.317493
34.821561,114.317493
34.821561,114.317493
34.821561,114.317493
34.821561,114.317493
34.821561,114.317493
34.821561,114.317493
34.821561,114.317493
34.821561,114.317493
34.821561,114.317493
34.821561,114.317493
34.821561,114.317493
34.821561,114.317493
34.821561,114.317493
34.821561,114.317493
34.821561,114.317493
34.821561,114.317493
34.821561,114.317493
34.821561,114.317493
34.821561,114.317493
34.821561,114.317493
34.821561,114.317493
34.821561,114.317493
34.821561,114.317493
34.821561,114.317493
34.821561,114.317493
34.821561,114.317493
34.821561,114.317493
34.821561,114.317493
34.821561,114.317493
34.821561,114.317493
34.821561,114.317493
34.821561,114.317493
34.821561,114.317493
34.821561,114.317493
34.821561,114.317493
34.821561,114.317493
34.821561,114.317493
34.821561,114.317493
34.821561,114.317493
34.821561,114.317493
34.821561,114.317493
34.821561,114.317493
34.821561,114.317493
34.821561,114.317493
34.821561,114.317493
34.821561,114.317493
34.821561,114.317493
34.821561,114.317493
34.821561,114.317493
34.821561,114.317493
34.821561,114.317493
34.821561,114.317493
34.821561,114.317493
34.821561,114.317493
34.821561,114.317493
34.821561,114.317493
34.821561,114.317493
34.821561,114.317493
34.821561,114.317493
34.821561,114.317493
34.821561,114.317493
34.821561,114.317493
34.821561,114.317493
34.821561,114.317493
34.821561,114.317493
34.821561,114.317493
34.821561,114.317493
34.821561,114.317493
34.821561,114.317493
34.821561,114.317493
34.821561,114.317493
34.821561,114.317493
34.821561,114.317493
34.821561,114.317493
34.821561,114.317493
34.821561,114.317493
34.821561,114.317493
34.821561,114.317493
34.821561,114.317493
34.821561,114.317493
34.821561,114.317493
34.821561,114.317493
34.821561,114.317493
34.821561,114.317493
34.821561,114.317493
34.821561,114.317493
34.821561,114.317493
34.821561,114.317493
34.821561,114.317493
34.821561,114.317493
34.821561,114.317493
34.821561,114.317493
34.821561,114.317493
34.821561,114.317493
34.821561,114.317493
34.821561,114.317493
34.821561,114.317493
34.821561,114.317493
34.821561,114.317493
34.821561,114.317493
34.821561,114.317493
34.821561,114.317493
34.821561,114.317493
34.821561,114.317493
34.821561,114.317493
34.821561,114.317493
34.821561,114.317493
34.821561,114.317493
34.821561,114.317493
34.821561,114.317493
34.821561,114.317493
34.821561,114.317493
34.821561,114.317493
34.821561,114.317493
34.821561,114.317493
34.821561,114.317493
34.821561,114.317493
34.821561,114.317493
34.821561,114.317493
34.821561,114.317493
34.821561,114.317493
34.821561,114.317493
34.821561,114.317493
34.821561,114.317493
34.821561,114.317493
34.821561,114.317493
34.821561,114.317493
34.821561,114.317493
34.821561,114.317493
34.821561,114.317493
34.821561,114.317493
34.821561,114.317493
34.821561,114.317493
34.821561,114.317493
34.821561,114.317493
34.821561,114.317493
34.821561,114.317493
34.821561,114.317493
34.821561,114.317493
34.821561,114.317493
34.821561,114.317493
34.821561,114.317493
34.821561,114.317493
34.821561,114.317493
34.821561,114.317493
34.821561,114.317493
34.821561,114.317493
34.821561,114.317493
34.821561,114.317493
34.821561,114.317493
34.821561,114.317493
34.821561,114.317493
34.821561,114.317493
34.821561,114.317493
34.821561,114.317493
34.821561,114.317493
34.821561,114.317493
34.821561,114.317493
34.821561,114.317493
34.821561,114.317493
34.821561,114.317493
34.821561,114.317493
34.821561,114.317493
34.821561,114.317493
34.821561,114.317493
34.821561,114.317493
34.821561,114.317493
34.821561,114.317493
34.821561,114.317493
34.821561,114.317493
34.821561,114.317493
34.821561,114.317493
34.821561,114.317493
34.821561,114.317493
34.821561,114.317493
34.821561,114.317493
34.821561,114.317493
34.821561,114.317493
34.821561,114.317493
34.821561,114.317493
34.821561,114.317493
34.821561,114.317493
34.821561,114.317493
34.821561,114.317493
34.821561,114.317493
34.821561,114.317493
34.821561,114.317493
34.821561,114.317493
34.821561,114.317493
34.821561,114.317493
34.821561,114.317493
34.821561,114.317493
34.821561,114.317493
34.821561,114.317493
34.821561,114.317493
34.821561,114.317493
34.821561,114.317493
34.821561,114.317493
34.821561,114.317493
34.821561,114.317493
34.821561,114.317493
34.821561,114.317493
34.821561,114.317493
34.821561,114.317493
34.821561,114.317493
34.821561,114.317493
34.821561,114.317493
34.821561,114.317493
34.821561,114.317493
34.821561,114.317493
34.821561,114.317493
34.821561,114.317493
34.821561,114.317493
34.821561,114.317493
34.821561,114.317493
34.821561,114.317493
34.821561,114.317493
34.821561,114.317493
34.821561,114.317493
34.821561,114.317493
34.821561,114.317493
34.821561,114.317493
34.821561,114.317493
34.821561,114.317493
34.821561,114.317493
34.821561,114.317493
34.821561,114.317493
34.821561,114.317493
34.821561,114.317493
34.821561,114.317493
34.821561,114.317493
34.821561,114.317493
34.821561,114.317493
34.821561,114.317493
34.821561,114.317493
34.821561,114.317493
34.821561,114.317493
34.821561,114.317493
34.821561,114.317493
34.821561,114.317493
34.821561,114.317493
34.821561,114.317493
34.821561,114.317493
34.821561,114.317493
34.821561,114.317493
34.821561,114.317493
34.821561,114.317493
34.821561,114.317493
34.821561,114.317493
34.821561,114.317493
34.821561,114.317493
34.821561,114.317493
34.821561,114.317493
34.821561,114.317493
34.821561,114.317493
34.821561,114.317493
34.821561,114.317493
34.821561,114.317493
34.821561,114.317493
34.821561,114.317493
34.821561,114.317493
34.821561,114.317493
34.821561,114.317493
34.821561,114.317493
34.821561,114.317493
34.821561,114.317493
34.821561,114.317493
34.821561,114.317493
34.821561,114.317493
34.821561,114.317493
34.821561,114.317493
34.821561,114.317493
34.821561,114.317493
34.821561,114.317493
34.821561,114.317493
34.821561,114.317493
34.821561,114.317493
34.821561,114.317493
34.821561,114.317493
34.821561,114.317493
34.821561,114.317493
34.821561,114.317493
34.821561,114.317493
34.821561,114.317493
34.821561,114.317493
34.821561,114.317493
34.821561,114.317493
34.821561,114.317493
34.821561,114.317493
34.821561,114.317493
34.821561,114.317493
34.821561,114.317493
34.821561,114.317493
34.821561,114.317493
34.821561,114.317493
34.821561,114.317493
34.821561,114.317493
34.821561,114.317493
34.821561,114.317493
34.821561,114.317493
34.821561,114.317493
34.821561,114.317493
34.821561,114.317493
34.821561,114.317493
34.821561,114.317493
34.821561,114.317493
34.821561,114.317493
34.821561,114.317493
34.821561,114.317493
34.821561,114.317493
34.821561,114.317493
34.821561,114.317493
34.821561,114.317493
34.821561,114.317493
34.821561,114.317493
34.821561,114.317493
34.821561,114.317493
34.821561,114.317493
34.821561,114.317493
34.821561,114.317493
34.821561,114.317493
34.821561,114.317493
34.821561,114.317493
34.821561,114.317493
34.821561,114.317493
34.821561,114.317493
34.821561,114.317493
34.821561,114.317493
34.821561,114.317493
34.821561,114.317493
34.821561,114.317493
34.821561,114.317493
34.821561,114.317493
34.821561,114.317493
34.821561,114.317493
34.821561,114.317493
34.821561,114.317493
34.821561,114.317493
34.821561,114.317493
34.821561,114.317493
34.821561,114.317493
34.821561,114.317493
34.821561,114.317493
34.821561,114.317493
34.821561,114.317493
34.821561,114.317493
34.821561,114.317493
34.821561,114.317493
34.821561,114.317493
34.821561,114.317493
34.821561,114.317493
34.821561,114.317493
34.821561,114.317493
34.821561,114.317493
34.821561,114.317493
34.821561,114.317493
34.821561,114.317493
34.821561,114.317493
34.821548,114.317485
34.821548,114.317485
34.821548,114.317485
34.821534,114.317475
34.821534,114.317475
34.821534,114.317475
34.821534,114.317475
34.82153,114.317471
34.82153,114.317471
34.82153,114.317471
34.821528,114.31747
34.821528,114.31747
34.821528,114.31747
34.821516,114.317459
34.821516,114.317459
34.821516,114.317459
34.821508,114.317451
34.821508,114.317451
34.821508,114.317451
34.821508,114.317451
34.821502,114.317448
34.821502,114.317448
34.821502,114.317448
34.821488,114.317436
34.821488,114.317436
34.821488,114.317436
34.821477,114.317424
34.821477,114.317424
34.821477,114.317424
34.821477,114.317424
34.821469,114.317414
34.821469,114.317414
34.821469,114.317414
34.821455,114.317406
34.821455,114.317406
34.821455,114.317406
34.821455,114.317406
34.821446,114.317397
34.821446,114.317397
34.821446,114.317397
34.821439,114.31739
34.821439,114.31739
34.821439,114.31739
34.821421,114.317376
34.821421,114.317376
34.821421,114.317376
34.821421,114.317376
34.821418,114.317374
34.821418,114.317374
34.821418,114.317374
34.821414,114.317371
34.821414,114.317371
34.821414,114.317371
34.82141,114.317366
34.82141,114.317366
34.82141,114.317366
34.82141,114.317366
34.821401,114.317357
34.821401,114.317357
34.821401,114.317357
34.821388,114.317347
34.821388,114.317347
34.821388,114.317347
34.821375,114.31734
34.821375,114.31734
34.821375,114.31734
34.821375,114.31734
34.821372,114.317336
34.821372,114.317336
34.821372,114.317336
34.821359,114.31733
34.821359,114.31733
34.821359,114.31733
34.821347,114.31732
34.821347,114.31732
34.821347,114.31732
34.821347,114.31732
34.821337,114.317312
34.821337,114.317312
34.821337,114.317312
34.821332,114.317308
34.821332,114.317308
34.821332,114.317308
34.821322,114.317301
34.821322,114.317301
34.821322,114.317301
34.821322,114.317301
34.821316,114.317297
34.821316,114.317297
34.821316,114.317297
34.821307,114.317289
34.821307,114.317289
34.821307,114.317289
34.821299,114.317284
34.821299,114.317284
34.821299,114.317284
34.821299,114.317284
34.821285,114.317277
34.821285,114.317277
34.821285,114.317277
34.82128,114.317271
34.82128,114.317271
34.82128,114.317271
34.821267,114.317265
34.821267,114.317265
34.821267,114.317265
34.821267,114.317265
34.821255,114.317257
34.821255,114.317257
34.821255,114.317257
34.821245,114.317251
34.821245,114.317251
34.821245,114.317251
34.821245,114.317251
34.821233,114.317241
34.821233,114.317241
34.821233,114.317241
34.821224,114.317231
34.821224,114.317231
34.821224,114.317231
34.821215,114.317222
34.821215,114.317222
34.821215,114.317222
34.821215,114.317222
34.821203,114.317212
34.821203,114.317212
34.821203,114.317212
34.821193,114.317206
34.821193,114.317206
34.821193,114.317206
34.821185,114.317201
34.821185,114.317201
34.821185,114.317201
34.821185,114.317201
34.821177,114.317197
34.821177,114.317197
34.821177,114.317197
34.821174,114.317193
34.821174,114.317193
34.821174,114.317193
34.821155,114.31718
34.821155,114.31718
34.821155,114.31718
34.821155,114.31718
34.821146,114.317171
34.821146,114.317171
34.821146,114.317171
34.821136,114.317163
34.821136,114.317163
34.821136,114.317163
34.821133,114.317161
34.821133,114.317161
34.821133,114.317161
34.821133,114.317161
34.82112,114.317152
34.82112,114.317152
34.82112,114.317152
34.82111,114.317142
34.82111,114.317142
34.82111,114.317142
34.821097,114.317136
34.821097,114.317136
34.821097,114.317136
34.821097,114.317136
34.821094,114.317133
34.821094,114.317133
34.821094,114.317133
34.821092,114.317132
34.821092,114.317132
34.821092,114.317132
34.821087,114.317125
34.821087,114.317125
34.821087,114.317125
34.821087,114.317125
34.821077,114.317118
34.821077,114.317118
34.821077,114.317118
34.82106,114.317104
34.82106,114.317104
34.82106,114.317104
34.821051,114.317095
34.821051,114.317095
34.821051,114.317095
34.821051,114.317095
34.821042,114.317086
34.821042,114.317086
34.821042,114.317086
34.821034,114.317076
34.821034,114.317076
34.821034,114.317076
34.821034,114.317076
34.82102,114.317068
34.82102,114.317068
34.82102,114.317068
34.821008,114.317061
34.821008,114.317061
34.821008,114.317061
34.820988,114.317051
34.820988,114.317051
34.820988,114.317051
34.820988,114.317051
34.82097,114.317036
34.82097,114.317036
34.82097,114.317036
34.820955,114.317016
34.820955,114.317016
34.820955,114.317016
34.82095,114.317012
34.82095,114.317012
34.82095,114.317012
34.82095,114.317012
34.820938,114.317002
34.820938,114.317002
34.820938,114.317002
34.820922,114.316985
34.820922,114.316985
34.820922,114.316985
34.820911,114.316978
34.820911,114.316978
34.820911,114.316978
34.820911,114.316978
34.820903,114.316969
34.820903,114.316969
34.820903,114.316969
34.820894,114.316959
34.820894,114.316959
34.820894,114.316959
34.820883,114.316949
34.820883,114.316949
34.820883,114.316949
34.820883,114.316949
34.820873,114.316934
34.820873,114.316934
34.820873,114.316934
34.820861,114.316924
34.820861,114.316924
34.820861,114.316924
34.820853,114.316914
34.820853,114.316914
34.820853,114.316914
34.820853,114.316914
34.820841,114.316902
34.820841,114.316902
34.820841,114.316902
34.820838,114.316902
34.820838,114.316902
34.820838,114.316902
34.820827,114.316897
34.820827,114.316897
34.820827,114.316897
34.820827,114.316897
34.82082,114.316889
34.82082,114.316889
34.82082,114.316889
34.820804,114.31688
34.820804,114.31688
34.820804,114.31688
34.8208,114.316876
34.8208,114.316876
34.8208,114.316876
34.8208,114.316876
34.820785,114.316867
34.820785,114.316867
34.820785,114.316867
34.820772,114.316856
34.820772,114.316856
34.820772,114.316856
34.820772,114.316856
34.820761,114.316851
34.820761,114.316851
34.820761,114.316851
34.820758,114.316848
34.820758,114.316848
34.820758,114.316848
34.820748,114.316838
34.820748,114.316838
34.820748,114.316838
34.820748,114.316838
34.820739,114.316835
34.820739,114.316835
34.820739,114.316835
34.820737,114.316848
34.820737,114.316848
34.820737,114.316848
34.820736,114.31685
34.820736,114.31685
34.820736,114.31685
34.820736,114.31685
34.820736,114.316865
34.820736,114.316865
34.820736,114.316865
34.820736,114.316882
34.820736,114.316882
34.820736,114.316882
34.820734,114.316894
34.820734,114.316894
34.820734,114.316894
34.820734,114.316894
34.82073,114.31691
34.82073,114.31691
34.82073,114.31691
34.820731,114.316921
34.820731,114.316921
34.820731,114.316921
34.82073,114.316937
34.82073,114.316937
34.82073,114.316937
34.82073,114.316937
34.82073,114.31694
34.82073,114.31694
34.82073,114.31694
34.820732,114.316952
34.820732,114.316952
34.820732,114.316952
34.820732,114.316953
34.820732,114.316953
34.820732,114.316953
34.820732,114.316953
34.820732,114.316956
34.820732,114.316956
34.820732,114.316956
34.820729,114.316968
34.820729,114.316968
34.820729,114.316968
34.820728,114.316982
34.820728,114.316982
34.820728,114.316982
34.820728,114.316982
34.820729,114.316994
34.820729,114.316994
34.820729,114.316994
34.820726,114.317012
34.820726,114.317012
34.820726,114.317012
34.820727,114.317023
34.820727,114.317023
34.820727,114.317023
34.820727,114.317023
34.820727,114.317025
34.820727,114.317025
34.820727,114.317025
34.820725,114.317032
34.820725,114.317032
34.820725,114.317032
34.820725,114.317032
34.820725,114.317036
34.820725,114.317036
34.820725,114.317036
34.820727,114.317054
34.820727,114.317054
34.820727,114.317054
34.820727,114.317077
34.820727,114.317077
34.820727,114.317077
34.820727,114.317077
34.820728,114.317094
34.820728,114.317094
34.820728,114.317094
34.820727,114.317111
34.820727,114.317111
34.820727,114.317111
34.820724,114.317125
34.820724,114.317125
34.820724,114.317125
34.820724,114.317125
34.820724,114.317128
34.820724,114.317128
34.820724,114.317128
34.820724,114.31713
34.820724,114.31713
34.820724,114.31713
34.820725,114.317142
34.820725,114.317142
34.820725,114.317142
34.820725,114.317142
34.820726,114.317161
34.820726,114.317161
34.820726,114.317161
34.820727,114.317183
34.820727,114.317183
34.820727,114.317183
34.820727,114.317196
34.820727,114.317196
34.820727,114.317196
34.820727,114.317196
34.820727,114.317213
34.820727,114.317213
34.820727,114.317213
34.820724,114.31723
34.820724,114.31723
34.820724,114.31723
34.820725,114.317243
34.820725,114.317243
34.820725,114.317243
34.820725,114.317243
34.820723,114.317256
34.820723,114.317256
34.820723,114.317256
34.82072,114.317268
34.82072,114.317268
34.82072,114.317268
34.820721,114.317276
34.820721,114.317276
34.820721,114.317276
34.820721,114.317276
34.82072,114.317278
34.82072,114.317278
34.82072,114.317278
34.820724,114.317303
34.820724,114.317303
34.820724,114.317303
34.820724,114.317303
34.820722,114.317316
34.820722,114.317316
34.820722,114.317316
34.820721,114.317329
34.820721,114.317329
34.820721,114.317329
34.82072,114.317342
34.82072,114.317342
34.82072,114.317342
34.82072,114.317342
34.820716,114.317357
34.820716,114.317357
34.820716,114.317357
34.820715,114.317367
34.820715,114.317367
34.820715,114.317367
34.820714,114.31738
34.820714,114.31738
34.820714,114.31738
34.820714,114.31738
34.820713,114.317384
34.820713,114.317384
34.820713,114.317384
34.820717,114.317404
34.820717,114.317404
34.820717,114.317404
34.820718,114.317417
34.820718,114.317417
34.820718,114.317417
34.820718,114.317417
34.820717,114.317421
34.820717,114.317421
34.820717,114.317421
34.820716,114.31744
34.820716,114.31744
34.820716,114.31744
34.820717,114.317447
34.820717,114.317447
34.820717,114.317447
34.820717,114.317447
34.820716,114.317449
34.820716,114.317449
34.820716,114.317449
34.820716,114.317459
34.820716,114.317459
34.820716,114.317459
34.820715,114.317483
34.820715,114.317483
34.820715,114.317483
34.820715,114.317483
34.820712,114.317499
34.820712,114.317499
34.820712,114.317499
34.820712,114.317501
34.820712,114.317501
34.820712,114.317501
34.820711,114.317514
34.820711,114.317514
34.820711,114.317514
34.820711,114.317514
34.82071,114.317524
34.82071,114.317524
34.82071,114.317524
34.820709,114.317535
34.820709,114.317535
34.820709,114.317535
34.820709,114.317548
34.820709,114.317548
34.820709,114.317548
34.820709,114.317548
34.820709,114.317571
34.820709,114.317571
34.820709,114.317571
34.820709,114.317578
34.820709,114.317578
34.820709,114.317578
34.820709,114.31758
34.820709,114.31758
34.820709,114.31758
34.820709,114.31758
34.820708,114.317582
34.820708,114.317582
34.820708,114.317582
34.820707,114.317595
34.820707,114.317595
34.820707,114.317595
34.820707,114.317595
34.820709,114.317607
34.820709,114.317607
34.820709,114.317607
34.820712,114.317627
34.820712,114.317627
34.820712,114.317627
34.820714,114.317644
34.820714,114.317644
34.820714,114.317644
34.820714,114.317644
34.820712,114.317667
34.820712,114.317667
34.820712,114.317667
34.820712,114.31768
34.820712,114.31768
34.820712,114.31768
34.820715,114.3177
34.820715,114.3177
34.820715,114.3177
34.820715,114.3177
34.820717,114.317721
34.820717,114.317721
34.820717,114.317721
34.820719,114.317734
34.820719,114.317734
34.820719,114.317734
34.820716,114.317746
34.820716,114.317746
34.820716,114.317746
34.820716,114.317746
34.820714,114.317759
34.820714,114.317759
34.820714,114.317759
34.820713,114.317772
34.820713,114.317772
34.820713,114.317772
34.820713,114.317785
34.820713,114.317785
34.820713,114.317785
34.820713,114.317785
34.820711,114.317798
34.820711,114.317798
34.820711,114.317798
34.820714,114.317809
34.820714,114.317809
34.820714,114.317809
34.820713,114.317822
34.820713,114.317822
34.820713,114.317822
34.820713,114.317822
34.820714,114.31784
34.820714,114.31784
34.820714,114.31784
34.820713,114.317864
34.820713,114.317864
34.820713,114.317864
34.820709,114.317883
34.820709,114.317883
34.820709,114.317883
34.820709,114.317883
34.820709,114.317896
34.820709,114.317896
34.820709,114.317896
34.820712,114.317912
34.820712,114.317912
34.820712,114.317912
34.820716,114.317937
34.820716,114.317937
34.820716,114.317937
34.820716,114.317937
34.820718,114.31796
34.820718,114.31796
34.820718,114.31796
34.82072,114.317976
34.82072,114.317976
34.82072,114.317976
34.82072,114.317976
34.820718,114.317993
34.820718,114.317993
34.820718,114.317993
34.820714,114.318017
34.820714,114.318017
34.820714,114.318017
34.820715,114.31803
34.820715,114.31803
34.820715,114.31803
34.820715,114.31803
34.820715,114.318035
34.820715,114.318035
34.820715,114.318035
34.820714,114.31804
34.820714,114.31804
34.820714,114.31804
34.820717,114.318064
34.820717,114.318064
34.820717,114.318064
34.820717,114.318064
34.820716,114.318066
34.820716,114.318066
34.820716,114.318066
34.820715,114.318079
34.820715,114.318079
34.820715,114.318079
34.820711,114.318101
34.820711,114.318101
34.820711,114.318101
34.820711,114.318101
34.82071,114.318113
34.82071,114.318113
34.82071,114.318113
34.820708,114.318126
34.820708,114.318126
34.820708,114.318126
34.820709,114.318137
34.820709,114.318137
34.820709,114.318137
34.820709,114.318137
34.820708,114.318154
34.820708,114.318154
34.820708,114.318154
34.820709,114.318167
34.820709,114.318167
34.820709,114.318167
34.820704,114.318185
34.820704,114.318185
34.820704,114.318185
34.820704,114.318185
34.820705,114.318198
34.820705,114.318198
34.820705,114.318198
34.820705,114.318205
34.820705,114.318205
34.820705,114.318205
34.820708,114.318226
34.820708,114.318226
34.820708,114.318226
34.820708,114.318226
34.820707,114.318239
34.820707,114.318239
34.820707,114.318239
34.820704,114.318259
34.820704,114.318259
34.820704,114.318259
34.820703,114.318277
34.820703,114.318277
34.820703,114.318277
34.820703,114.318277
34.820701,114.318293
34.820701,114.318293
34.820701,114.318293
34.820703,114.318314
34.820703,114.318314
34.820703,114.318314
34.820703,114.318314
34.820704,114.318338
34.820704,114.318338
34.820704,114.318338
34.820704,114.318351
34.820704,114.318351
34.820704,114.318351
34.820697,114.318376
34.820697,114.318376
34.820697,114.318376
34.820697,114.318376
34.820698,114.318391
34.820698,114.318391
34.820698,114.318391
34.8207,114.318406
34.8207,114.318406
34.8207,114.318406
34.820694,114.318427
34.820694,114.318427
34.820694,114.318427
34.820694,114.318427
34.820692,114.31844
34.820692,114.31844
34.820692,114.31844
34.820692,114.318452
34.820692,114.318452
34.820692,114.318452
34.820691,114.318465
34.820691,114.318465
34.820691,114.318465
34.820691,114.318465
34.820688,114.318483
34.820688,114.318483
34.820688,114.318483
34.82069,114.318504
34.82069,114.318504
34.82069,114.318504
34.82069,114.318518
34.82069,114.318518
34.82069,114.318518
34.82069,114.318518
34.820692,114.31853
34.820692,114.31853
34.820692,114.31853
34.820691,114.318545
34.820691,114.318545
34.820691,114.318545
34.820687,114.318563
34.820687,114.318563
34.820687,114.318563
34.820687,114.318563
34.820689,114.318575
34.820689,114.318575
34.820689,114.318575
34.820691,114.318592
34.820691,114.318592
34.820691,114.318592
34.820688,114.318606
34.820688,114.318606
34.820688,114.318606
34.820688,114.318606
34.820683,114.318629
34.820683,114.318629
34.820683,114.318629
34.820679,114.318648
34.820679,114.318648
34.820679,114.318648
34.820678,114.318661
34.820678,114.318661
34.820678,114.318661
34.820678,114.318661
34.820681,114.318683
34.820681,114.318683
34.820681,114.318683
34.820681,114.318699
34.820681,114.318699
34.820681,114.318699
34.820681,114.318699
34.820681,114.318712
34.820681,114.318712
34.820681,114.318712
34.820681,114.318725
34.820681,114.318725
34.820681,114.318725
34.820683,114.318738
34.820683,114.318738
34.820683,114.318738
34.820683,114.318738
34.82068,114.31875
34.82068,114.31875
34.82068,114.31875
34.820679,114.318764
34.820679,114.318764
34.820679,114.318764
34.820679,114.318766
34.820679,114.318766
34.820679,114.318766
34.820679,114.318766
34.820684,114.318788
34.820684,114.318788
34.820684,114.318788
34.820681,114.318803
34.820681,114.318803
34.820681,114.318803
34.820681,114.318827
34.820681,114.318827
34.820681,114.318827
34.820681,114.318827
34.820681,114.318829
34.820681,114.318829
34.820681,114.318829
34.820683,114.318841
34.820683,114.318841
34.820683,114.318841
34.820684,114.318862
34.820684,114.318862
34.820684,114.318862
34.820684,114.318862
34.820686,114.318879
34.820686,114.318879
34.820686,114.318879
34.820684,114.318897
34.820684,114.318897
34.820684,114.318897
34.820681,114.31891
34.820681,114.31891
34.820681,114.31891
34.820681,114.31891
34.820682,114.318932
34.820682,114.318932
34.820682,114.318932
34.820683,114.318951
34.820683,114.318951
34.820683,114.318951
34.820685,114.318964
34.820685,114.318964
34.820685,114.318964
34.820685,114.318964
34.820689,114.318987
34.820689,114.318987
34.820689,114.318987
34.820688,114.319
34.820688,114.319
34.820688,114.319
34.820685,114.319019
34.820685,114.319019
34.820685,114.319019
34.820685,114.319019
34.820684,114.319037
34.820684,114.319037
34.820684,114.319037
34.820682,114.319053
34.820682,114.319053
34.820682,114.319053
34.820682,114.319053
34.82068,114.319065
34.82068,114.319065
34.82068,114.319065
34.820677,114.319077
34.820677,114.319077
34.820677,114.319077
34.820677,114.31909
34.820677,114.31909
34.820677,114.31909
34.820677,114.31909
34.82068,114.319115
34.82068,114.319115
34.82068,114.319115
34.820678,114.319139
34.820678,114.319139
34.820678,114.319139
34.820676,114.319152
34.820676,114.319152
34.820676,114.319152
34.820676,114.319152
34.820672,114.319172
34.820672,114.319172
34.820672,114.319172
34.820674,114.319184
34.820674,114.319184
34.820674,114.319184
34.820673,114.319197
34.820673,114.319197
34.820673,114.319197
34.820673,114.319197
34.820668,114.319222
34.820668,114.319222
34.820668,114.319222
34.820669,114.319247
34.820669,114.319247
34.820669,114.319247
34.820666,114.319264
34.820666,114.319264
34.820666,114.319264
34.820666,114.319264
34.820664,114.319277
34.820664,114.319277
34.820664,114.319277
34.820669,114.319294
34.820669,114.319294
34.820669,114.319294
34.82067,114.319307
34.82067,114.319307
34.82067,114.319307
34.82067,114.319307
34.820672,114.319319
34.820672,114.319319
34.820672,114.319319
34.820672,114.319332
34.820672,114.319332
34.820672,114.319332
34.820671,114.319347
34.820671,114.319347
34.820671,114.319347
34.820671,114.319347
34.820673,114.319358
34.820673,114.319358
34.820673,114.319358
34.820675,114.31937
34.820675,114.31937
34.820675,114.31937
34.820678,114.319393
34.820678,114.319393
34.820678,114.319393
34.820678,114.319393
34.82068,114.319407
34.82068,114.319407
34.82068,114.319407
34.82068,114.31942
34.82068,114.31942
34.82068,114.31942
34.820683,114.319432
34.820683,114.319432
34.820683,114.319432
34.820683,114.319432
34.82068,114.319444
34.82068,114.319444
34.82068,114.319444
34.820683,114.319465
34.820683,114.319465
34.820683,114.319465
34.820683,114.319465
34.82068,114.319479
34.82068,114.319479
34.82068,114.319479
34.820683,114.319492
34.820683,114.319492
34.820683,114.319492
34.820681,114.319517
34.820681,114.319517
34.820681,114.319517
34.820681,114.319517
34.820677,114.319542
34.820677,114.319542
34.820677,114.319542
34.820681,114.319554
34.820681,114.319554
34.820681,114.319554
34.820683,114.319576
34.820683,114.319576
34.820683,114.319576
34.820683,114.319576
34.820684,114.319589
34.820684,114.319589
34.820684,114.319589
34.820689,114.319615
34.820689,114.319615
34.820689,114.319615
34.820703,114.319627
34.820703,114.319627
34.820703,114.319627
34.820703,114.319627
34.82072,114.319637
34.82072,114.319637
34.82072,114.319637
34.820728,114.319644
34.820728,114.319644
34.820728,114.319644
34.820746,114.319651
34.820746,114.319651
34.820746,114.319651
34.820746,114.319651
34.820756,114.319654
34.820756,114.319654
34.820756,114.319654
34.820765,114.319659
34.820765,114.319659
34.820765,114.319659
34.82078,114.319674
34.82078,114.319674
34.82078,114.319674
34.82078,114.319674
34.820791,114.319685
34.820791,114.319685
34.820791,114.319685
34.820805,114.319696
34.820805,114.319696
34.820805,114.319696
34.820819,114.319712
34.820819,114.319712
34.820819,114.319712
34.820819,114.319712
34.820828,114.319717
34.820828,114.319717
34.820828,114.319717
34.820838,114.319721
34.820838,114.319721
34.820838,114.319721
34.820846,114.319728
34.820846,114.319728
34.820846,114.319728
34.820846,114.319728
34.820854,114.319735
34.820854,114.319735
34.820854,114.319735
34.820871,114.319744
34.820871,114.319744
34.820871,114.319744
34.820871,114.319744
34.82088,114.319752
34.82088,114.319752
34.82088,114.319752
34.820894,114.319759
34.820894,114.319759
34.820894,114.319759
34.820905,114.319764
34.820905,114.319764
34.820905,114.319764
34.820905,114.319764
34.820921,114.319774
34.820921,114.319774
34.820921,114.319774
34.820929,114.319782
34.820929,114.319782
34.820929,114.319782
34.820939,114.31979
34.820939,114.31979
34.820939,114.31979
34.820939,114.31979
34.820959,114.319797
34.820959,114.319797
34.820959,114.319797
34.820972,114.319794
34.820972,114.319794
34.820972,114.319794
34.820985,114.319795
34.820985,114.319795
34.820985,114.319795
34.820985,114.319795
34.820996,114.319792
34.820996,114.319792
34.820996,114.319792
34.821011,114.319795
34.821011,114.319795
34.821011,114.319795
34.821021,114.319792
34.821021,114.319792
34.821021,114.319792
34.821021,114.319792
34.821041,114.319788
34.821041,114.319788
34.821041,114.319788
34.821051,114.319787
34.821051,114.319787
34.821051,114.319787
34.821061,114.319788
34.821061,114.319788
34.821061,114.319788
34.821061,114.319788
34.821073,114.319789
34.821073,114.319789
34.821073,114.319789
34.821078,114.31979
34.821078,114.31979
34.821078,114.31979
34.821092,114.319794
34.821092,114.319794
34.821092,114.319794
34.821092,114.319794
34.821093,114.319793
34.821093,114.319793
34.821093,114.319793
34.821096,114.319793
34.821096,114.319793
34.821096,114.319793
34.821099,114.319794
34.821099,114.319794
34.821099,114.319794
34.821099,114.319794
34.821112,114.319795
34.821112,114.319795
34.821112,114.319795
34.821127,114.319791
34.821127,114.319791
34.821127,114.319791
34.821141,114.319789
34.821141,114.319789
34.821141,114.319789
34.821141,114.319789
34.821144,114.319789
34.821144,114.319789
34.821144,114.319789
34.821146,114.319788
34.821146,114.319788
34.821146,114.319788
34.821146,114.319788
34.821157,114.31979
34.821157,114.31979
34.821157,114.31979
34.821157,114.319789
34.821157,114.319789
34.821157,114.319789
34.82116,114.319788
34.82116,114.319788
34.82116,114.319788
34.82116,114.319788
34.821166,114.319787
34.821166,114.319787
34.821166,114.319787
34.821166,114.319787
34.821166,114.319787
34.821166,114.319787
34.821176,114.319788
34.821176,114.319788
34.821176,114.319788
34.821176,114.319788
34.821182,114.319785
34.821182,114.319785
34.821182,114.319785
34.821187,114.319784
34.821187,114.319784
34.821187,114.319784
34.821188,114.319784
34.821188,114.319784
34.821188,114.319784
34.821188,114.319784
34.821198,114.319784
34.821198,114.319784
34.821198,114.319784
34.821211,114.319786
34.821211,114.319786
34.821211,114.319786
34.821217,114.319786
34.821217,114.319786
34.821217,114.319786
34.821217,114.319786
34.821224,114.319787
34.821224,114.319787
34.821224,114.319787
34.82123,114.319785
34.82123,114.319785
34.82123,114.319785
34.821239,114.319788
34.821239,114.319788
34.821239,114.319788
34.821239,114.319788
34.821254,114.319785
34.821254,114.319785
34.821254,114.319785
34.821265,114.319787
34.821265,114.319787
34.821265,114.319787
34.82128,114.319789
34.82128,114.319789
34.82128,114.319789
34.82128,114.319789
34.821283,114.319788
34.821283,114.319788
34.821283,114.319788
34.82129,114.319787
34.82129,114.319787
34.82129,114.319787
34.821293,114.319787
34.821293,114.319787
34.821293,114.319787
34.821293,114.319787
34.821302,114.319785
34.821302,114.319785
34.821302,114.319785
34.821316,114.319785
34.821316,114.319785
34.821316,114.319785
34.821328,114.319786
34.821328,114.319786
34.821328,114.319786
34.821328,114.319786
34.821332,114.319786
34.821332,114.319786
34.821332,114.319786
34.821334,114.319785
34.821334,114.319785
34.821334,114.319785
34.821334,114.319785
34.821347,114.319782
34.821347,114.319782
34.821347,114.319782
34.821351,114.319782
34.821351,114.319782
34.821351,114.319782
34.821353,114.319782
34.821353,114.319782
34.821353,114.319782
34.821353,114.319782
34.821354,114.319781
34.821354,114.319781
34.821354,114.319781
34.821366,114.319778
34.821366,114.319778
34.821366,114.319778
34.821367,114.319778
34.821367,114.319778
34.821367,114.319778
34.821367,114.319778
34.821369,114.319778
34.821369,114.319778
34.821369,114.319778
34.821382,114.319781
34.821382,114.319781
34.821382,114.319781
34.821396,114.319784
34.821396,114.319784
34.821396,114.319784
34.821396,114.319784
34.821409,114.319788
34.821409,114.319788
34.821409,114.319788
34.821411,114.319788
34.821411,114.319788
34.821411,114.319788
34.821416,114.319788
34.821416,114.319788
34.821416,114.319788
34.821416,114.319788
34.821425,114.319785
34.821425,114.319785
34.821425,114.319785
34.821434,114.319783
34.821434,114.319783
34.821434,114.319783
34.821447,114.319781
34.821447,114.319781
34.821447,114.319781
34.821447,114.319781
34.821463,114.31978
34.821463,114.31978
34.821463,114.31978
34.821469,114.31978
34.821469,114.31978
34.821469,114.31978
34.82147,114.319779
34.82147,114.319779
34.82147,114.319779
34.82147,114.319779
34.821472,114.319779
34.821472,114.319779
34.821472,114.319779
34.821473,114.319779
34.821473,114.319779
34.821473,114.319779
34.821473,114.319779
34.821474,114.319778
34.821474,114.319778
34.821474,114.319778
34.82148,114.319776
34.82148,114.319776
34.82148,114.319776
34.821485,114.319775
34.821485,114.319775
34.821485,114.319775
34.821485,114.319775
34.821486,114.319775
34.821486,114.319775
34.821486,114.319775
34.821496,114.319772
34.821496,114.319772
34.821496,114.319772
34.82151,114.319771
34.82151,114.319771
34.82151,114.319771
34.82151,114.319771
34.82152,114.31977
34.82152,114.31977
34.82152,114.31977
34.82153,114.319773
34.82153,114.319773
34.82153,114.319773
34.821532,114.319773
34.821532,114.319773
34.821532,114.319773
34.821532,114.319773
34.821534,114.319772
34.821534,114.319772
34.821534,114.319772
34.821544,114.319772
34.821544,114.319772
34.821544,114.319772
34.821548,114.319771
34.821548,114.319771
34.821548,114.319771
34.821548,114.319771
34.821553,114.31977
34.821553,114.31977
34.821553,114.31977
34.821564,114.319768
34.821564,114.319768
34.821564,114.319768
34.821578,114.31977
34.821578,114.31977
34.821578,114.31977
34.821578,114.31977
34.821587,114.319772
34.821587,114.319772
34.821587,114.319772
34.821601,114.319769
34.821601,114.319769
34.821601,114.319769
34.821607,114.31977
34.821607,114.31977
34.821607,114.31977
34.821607,114.31977
34.821621,114.319772
34.821621,114.319772
34.821621,114.319772
34.821629,114.319775
34.821629,114.319775
34.821629,114.319775
34.821646,114.319771
34.821646,114.319771
34.821646,114.319771
34.821646,114.319771
34.821662,114.319775
34.821662,114.319775
34.821662,114.319775
34.821669,114.319773
34.821669,114.319773
34.821669,114.319773
34.821669,114.319773
34.821683,114.319775
34.821683,114.319775
34.821683,114.319775
34.821693,114.319772
34.821693,114.319772
34.821693,114.319772
34.821705,114.319773
34.821705,114.319773
34.821705,114.319773
34.821705,114.319773
34.821718,114.319777
34.821718,114.319777
34.821718,114.319777
34.821728,114.319777
34.821728,114.319777
34.821728,114.319777
34.821735,114.319777
34.821735,114.319777
34.821735,114.319777
34.821735,114.319777
34.821745,114.319778
34.821745,114.319778
34.821745,114.319778
34.821759,114.319776
34.821759,114.319776
34.821759,114.319776
34.821767,114.319778
34.821767,114.319778
34.821767,114.319778
34.821767,114.319778
34.821782,114.319777
34.821782,114.319777
34.821782,114.319777
34.821802,114.319771
34.821802,114.319771
34.821802,114.319771
34.821803,114.31977
34.821803,114.31977
34.821803,114.31977
34.821803,114.31977
34.821813,114.31977
34.821813,114.31977
34.821813,114.31977
34.821827,114.319769
34.821827,114.319769
34.821827,114.319769
34.821837,114.31977
34.821837,114.31977
34.821837,114.31977
34.821837,114.31977
34.821844,114.319771
34.821844,114.319771
34.821844,114.319771
34.821855,114.31977
34.821855,114.31977
34.821855,114.31977
34.821865,114.31977
34.821865,114.31977
34.821865,114.31977
34.821865,114.31977
34.821886,114.319774
34.821886,114.319774
34.821886,114.319774
34.821896,114.319776
34.821896,114.319776
34.821896,114.319776
34.82191,114.319775
34.82191,114.319775
34.82191,114.319775
34.82191,114.319775
34.821928,114.31978
34.821928,114.31978
34.821928,114.31978
34.821938,114.31978
34.821938,114.31978
34.821938,114.31978
34.821954,114.319781
34.821954,114.319781
34.821954,114.319781
34.821954,114.319781
34.821967,114.319785
34.821967,114.319785
34.821967,114.319785
34.821979,114.319788
34.821979,114.319788
34.821979,114.319788
34.821979,114.319788
34.821989,114.319789
34.821989,114.319789
34.821989,114.319789
34.821993,114.31979
34.821993,114.31979
34.821993,114.31979
34.822004,114.319792
34.822004,114.319792
34.822004,114.319792
34.822004,114.319792
34.822022,114.319787
34.822022,114.319787
34.822022,114.319787
34.822035,114.319789
34.822035,114.319789
34.822035,114.319789
34.822055,114.319791
34.822055,114.319791
34.822055,114.319791
34.822055,114.319791
34.822067,114.319788
34.822067,114.319788
34.822067,114.319788
34.822072,114.319789
34.822072,114.319789
34.822072,114.319789
34.822073,114.319788
34.822073,114.319788
34.822073,114.319788
34.822073,114.319788
34.82208,114.319787
34.82208,114.319787
34.82208,114.319787
34.822098,114.319786
34.822098,114.319786
34.822098,114.319786
34.822101,114.319786
34.822101,114.319786
34.822101,114.319786
34.822101,114.319786
34.82211,114.319785
34.82211,114.319785
34.82211,114.319785
34.822114,114.319785
34.822114,114.319785
34.822114,114.319785
34.822133,114.319783
34.822133,114.319783
34.822133,114.319783
34.822133,114.319783
34.822147,114.319786
34.822147,114.319786
34.822147,114.319786
34.822157,114.319786
34.822157,114.319786
34.822157,114.319786
34.822167,114.319784
34.822167,114.319784
34.822167,114.319784
34.822167,114.319784
34.82218,114.31978
34.82218,114.31978
34.82218,114.31978
34.822193,114.319778
34.822193,114.319778
34.822193,114.319778
34.822203,114.319779
34.822203,114.319779
34.822203,114.319779
34.822203,114.319779
34.822207,114.319778
34.822207,114.319778
34.822207,114.319778
34.82221,114.319778
34.82221,114.319778
34.82221,114.319778
34.822223,114.319779
34.822223,114.319779
34.822223,114.319779
34.822223,114.319779
34.822224,114.319779
34.822224,114.319779
34.822224,114.319779
34.822231,114.319779
34.822231,114.319779
34.822231,114.319779
34.822231,114.319779
34.822241,114.319779
34.822241,114.319779
34.822241,114.319779
34.822255,114.319775
34.822255,114.319775
34.822255,114.319775
34.82227,114.319772
34.82227,114.319772
34.82227,114.319772
34.82227,114.319772
34.822276,114.319772
34.822276,114.319772
34.822276,114.319772
34.822282,114.319772
34.822282,114.319772
34.822282,114.319772
34.822292,114.319769
34.822292,114.319769
34.822292,114.319769
34.822292,114.319769
34.822297,114.319768
34.822297,114.319768
34.822297,114.319768
34.82231,114.319772
34.82231,114.319772
34.82231,114.319772
34.822314,114.319773
34.822314,114.319773
34.822314,114.319773
34.822314,114.319773
34.822317,114.319773
34.822317,114.319773
34.822317,114.319773
34.822329,114.319776
34.822329,114.319776
34.822329,114.319776
34.82233,114.319776
34.82233,114.319776
34.82233,114.319776
34.82233,114.319776
34.822344,114.319779
34.822344,114.319779
34.822344,114.319779
34.822356,114.319778
34.822356,114.319778
34.822356,114.319778
34.822361,114.319777
34.822361,114.319777
34.822361,114.319777
34.822361,114.319777
34.822374,114.31978
34.822374,114.31978
34.822374,114.31978
34.822384,114.319782
34.822384,114.319782
34.822384,114.319782
34.822397,114.319783
34.822397,114.319783
34.822397,114.319783
34.822397,114.319783
34.822405,114.319786
34.822405,114.319786
34.822405,114.319786
34.822418,114.319783
34.822418,114.319783
34.822418,114.319783
34.822423,114.319782
34.822423,114.319782
34.822423,114.319782
34.822423,114.319782
34.82244,114.319783
34.82244,114.319783
34.82244,114.319783
34.822459,114.319786
34.822459,114.319786
34.822459,114.319786
34.822459,114.319786
34.82247,114.319786
34.82247,114.319786
34.82247,114.319786
34.822482,114.319784
34.822482,114.319784
34.822482,114.319784
34.822482,114.319784
34.822482,114.319784
34.822482,114.319784
34.822482,114.319784
34.822482,114.319784
34.822482,114.319784
34.822482,114.319784
34.822482,114.319784
34.822482,114.319784
34.822482,114.319784
34.822482,114.319784
34.822482,114.319784
34.822482,114.319784
34.822482,114.319784
34.822482,114.319784
34.822482,114.319784
34.822482,114.319784
34.822482,114.319784
34.822482,114.319784
34.822482,114.319784
34.822482,114.319784
34.822482,114.319784
34.822482,114.319784
34.822482,114.319784
34.822482,114.319784
34.822482,114.319784
34.822482,114.319784
34.822482,114.319784
34.822482,114.319784
34.822482,114.319784
34.822482,114.319784
34.822482,114.319784
34.822482,114.319784
34.822482,114.319784
34.822482,114.319784
34.822482,114.319784
34.822482,114.319784
34.822482,114.319784
34.822482,114.319784
34.822482,114.319784
34.822482,114.319784
34.822482,114.319784
34.822482,114.319784
34.822482,114.319784
34.822482,114.319784
34.822482,114.319784
34.822482,114.319784
34.822482,114.319784
34.822482,114.319784
34.822482,114.319784
34.822482,114.319784
34.822482,114.319784
34.822482,114.319784
34.822482,114.319784
34.822482,114.319784
34.822482,114.319784
34.822482,114.319784
34.822482,114.319784
34.822482,114.319784
34.822482,114.319784
34.822482,114.319784
34.822482,114.319784
34.822482,114.319784
34.822482,114.319784
34.822482,114.319784
34.822482,114.319784
34.822482,114.319784
34.822482,114.319784
34.822482,114.319784
34.822482,114.319784
34.822482,114.319784
34.822482,114.319784
34.822482,114.319784
34.822482,114.319784
34.822482,114.319784
34.822482,114.319784
34.822482,114.319784
34.822482,114.319784
34.822482,114.319784
34.822482,114.319784
34.822482,114.319784
34.822482,114.319784
34.822482,114.319784
34.822482,114.319784
34.822482,114.319784
34.822482,114.319784
34.822482,114.319784
34.822482,114.319784
34.822482,114.319784
34.822482,114.319784
34.822482,114.319784
34.822482,114.319784
34.822482,114.319784
34.822482,114.319784
34.822482,114.319784
34.822482,114.319784
34.822482,114.319784
34.822482,114.319784
34.822482,114.319784
34.822482,114.319784
34.822482,114.319784
34.822482,114.319784
34.822482,114.319784
34.822482,114.319784
34.822482,114.319784
34.822482,114.319784
34.822482,114.319784
34.822482,114.319784
34.822482,114.319784
34.822482,114.319784
34.822482,114.319784
34.822482,114.319784
34.822482,114.319784
34.822482,114.319784
34.822482,114.319784
34.822482,114.319784
34.822482,114.319784
34.822482,114.319784
34.822482,114.319784
34.822482,114.319784
34.822482,114.319784
34.822482,114.319784
34.822482,114.319784
34.822482,114.319784
34.822482,114.319784
34.822482,114.319784
34.822482,114.319784
34.822482,114.319784
34.822482,114.319784
34.822482,114.319784
34.822482,114.319784
34.822482,114.319784
34.822482,114.319784
34.822482,114.319784
34.822482,114.319784
34.822482,114.319784
34.822482,114.319784
34.822482,114.319784
34.822482,114.319784
34.822482,114.319784
34.822482,114.319784
34.822482,114.319784
34.822482,114.319784
34.822482,114.319784
34.822482,114.319784
34.822482,114.319784
34.822482,114.319784
34.822482,114.319784
34.822482,114.319784
34.822482,114.319784
34.822482,114.319784
34.822482,114.319784
34.822482,114.319784
34.822482,114.319784
34.822482,114.319784
34.822482,114.319784
34.822482,114.319784
34.822482,114.319784
34.822482,114.319784
34.822482,114.319784
34.822482,114.319784
34.822482,114.319784
34.822482,114.319784
34.822482,114.319784
34.822482,114.319784
34.822482,114.319784
34.822482,114.319784
34.822482,114.319784
34.822482,114.319784
34.822482,114.319784
34.822482,114.319784
34.822482,114.319784
34.822482,114.319784
34.822482,114.319784
34.822482,114.319784
34.822482,114.319784
34.822482,114.319784
34.822482,114.319784
34.822482,114.319784
34.822482,114.319784
34.822482,114.319784
34.822482,114.319784
34.822482,114.319784
34.822482,114.319784
34.822482,114.319784
34.822482,114.319784
34.822482,114.319784
34.822482,114.319784
34.822482,114.319784
34.822482,114.319784
34.822482,114.319784
34.822482,114.319784
34.822482,114.319784
34.822482,114.319784
34.822482,114.319784
34.822482,114.319784
34.822482,114.319784
34.822495,114.319786
34.822495,114.319786
34.822495,114.319786
34.822505,114.319784
34.822505,114.319784
34.822505,114.319784
34.822505,114.319784
34.822515,114.319784
34.822515,114.319784
34.822515,114.319784
34.822535,114.319791
34.822535,114.319791
34.822535,114.319791
34.822536,114.31979
34.822536,114.31979
34.822536,114.31979
34.822536,114.31979
34.822551,114.319793
34.822551,114.319793
34.822551,114.319793
34.82256,114.319793
34.82256,114.319793
34.82256,114.319793
34.822581,114.319789
34.822581,114.319789
34.822581,114.319789
34.822581,114.319789
34.822601,114.319784
34.822601,114.319784
34.822601,114.319784
34.822612,114.319785
34.822612,114.319785
34.822612,114.319785
34.822622,114.319787
34.822622,114.319787
34.822622,114.319787
34.822622,114.319787
34.822632,114.319788
34.822632,114.319788
34.822632,114.319788
34.822643,114.319789
34.822643,114.319789
34.822643,114.319789
34.822654,114.319791
34.822654,114.319791
34.822654,114.319791
34.822654,114.319791
34.822664,114.31979
34.822664,114.31979
34.822664,114.31979
34.822681,114.319793
34.822681,114.319793
34.822681,114.319793
34.822693,114.319794
34.822693,114.319794
34.822693,114.319794
34.822693,114.319794
34.822707,114.319795
34.822707,114.319795
34.822707,114.319795
34.822713,114.319794
34.822713,114.319794
34.822713,114.319794
34.822713,114.319794
34.822723,114.319796
34.822723,114.319796
34.822723,114.319796
34.822733,114.319793
34.822733,114.319793
34.822733,114.319793
34.822743,114.31979
34.822743,114.31979
34.822743,114.31979
34.822743,114.31979
34.822755,114.319793
34.822755,114.319793
34.822755,114.319793
34.822765,114.319793
34.822765,114.319793
34.822765,114.319793
34.822775,114.319794
34.822775,114.319794
34.822775,114.319794
34.822775,114.319794
34.82279,114.319795
34.82279,114.319795
34.82279,114.319795
34.822809,114.3198
34.822809,114.3198
34.822809,114.3198
34.822819,114.319803
34.822819,114.319803
34.822819,114.319803
34.822819,114.319803
34.822832,114.319807
34.822832,114.319807
34.822832,114.319807
34.82285,114.319806
34.82285,114.319806
34.82285,114.319806
34.82286,114.319808
34.82286,114.319808
34.82286,114.319808
34.82286,114.319808
34.822871,114.31981
34.822871,114.31981
34.822871,114.31981
34.822884,114.319811
34.822884,114.319811
34.822884,114.319811
34.822893,114.319809
34.822893,114.319809
34.822893,114.319809
34.822893,114.319809
34.822911,114.319811
34.822911,114.319811
34.822911,114.319811
34.82292,114.319808
34.82292,114.319808
34.82292,114.319808
34.822935,114.319806
34.822935,114.319806
34.822935,114.319806
34.822935,114.319806
34.822947,114.319808
34.822947,114.319808
34.822947,114.319808
34.822959,114.31981
34.822959,114.31981
34.822959,114.31981
34.822959,114.31981
34.822977,114.319811
34.822977,114.319811
34.822977,114.319811
34.822994,114.319815
34.822994,114.319815
34.822994,114.319815
34.82301,114.319812
34.82301,114.319812
34.82301,114.319812
34.82301,114.319812
34.823023,114.319816
34.823023,114.319816
34.823023,114.319816
34.823033,114.319819
34.823033,114.319819
34.823033,114.319819
34.823048,114.319816
34.823048,114.319816
34.823048,114.319816
34.823048,114.319816
34.823058,114.319817
34.823058,114.319817
34.823058,114.319817
34.823076,114.319819
34.823076,114.319819
34.823076,114.319819
34.823086,114.319818
34.823086,114.319818
34.823086,114.319818
34.823086,114.319818
34.823095,114.319821
34.823095,114.319821
34.823095,114.319821
34.82311,114.319823
34.82311,114.319823
34.82311,114.319823
34.82313,114.31982
34.82313,114.31982
34.82313,114.31982
34.82313,114.31982
34.823142,114.319819
34.823142,114.319819
34.823142,114.319819
34.823161,114.319816
34.823161,114.319816
34.823161,114.319816
34.823176,114.319816
34.823176,114.319816
34.823176,114.319816
34.823176,114.319816
34.823187,114.319816
34.823187,114.319816
34.823187,114.319816
34.823197,114.31982
34.823197,114.31982
34.823197,114.31982
34.823217,114.319815
34.823217,114.319815
34.823217,114.319815
34.823217,114.319815
34.823229,114.319817
34.823229,114.319817
34.823229,114.319817
34.82323,114.319817
34.82323,114.319817
34.82323,114.319817
34.823241,114.319815
34.823241,114.319815
34.823241,114.319815
34.823241,114.319815
34.823243,114.319815
34.823243,114.319815
34.823243,114.319815
34.823253,114.319816
34.823253,114.319816
34.823253,114.319816
34.823253,114.319816
34.823263,114.319817
34.823263,114.319817
34.823263,114.319817
34.823277,114.319816
34.823277,114.319816
34.823277,114.319816
34.823296,114.319821
34.823296,114.319821
34.823296,114.319821
34.823296,114.319821
34.823306,114.319822
34.823306,114.319822
34.823306,114.319822
34.82331,114.319821
34.82331,114.319821
34.82331,114.319821
34.82332,114.319822
34.82332,114.319822
34.82332,114.319822
34.82332,114.319822
34.82333,114.319823
34.82333,114.319823
34.82333,114.319823
34.823341,114.319821
34.823341,114.319821
34.823341,114.319821
34.823353,114.319822
34.823353,114.319822
34.823353,114.319822
34.823353,114.319822
34.823367,114.319823
34.823367,114.319823
34.823367,114.319823
34.823377,114.319826
34.823377,114.319826
34.823377,114.319826
34.823387,114.31983
34.823387,114.31983
34.823387,114.31983
34.823387,114.31983
34.823394,114.319832
34.823394,114.319832
34.823394,114.319832
34.823404,114.319833
34.823404,114.319833
34.823404,114.319833
34.823419,114.319836
34.823419,114.319836
34.823419,114.319836
34.823419,114.319836
34.823438,114.319836
34.823438,114.319836
34.823438,114.319836
34.823448,114.319837
34.823448,114.319837
34.823448,114.319837
34.823458,114.31984
34.823458,114.31984
34.823458,114.31984
34.823458,114.31984
34.823468,114.319837
34.823468,114.319837
34.823468,114.319837
34.823484,114.319834
34.823484,114.319834
34.823484,114.319834
34.823501,114.319834
34.823501,114.319834
34.823501,114.319834
34.823501,114.319834
34.823521,114.319841
34.823521,114.319841
34.823521,114.319841
34.823538,114.319843
34.823538,114.319843
34.823538,114.319843
34.823556,114.319849
34.823556,114.319849
34.823556,114.319849
34.823556,114.319849
34.823571,114.319846
34.823571,114.319846
34.823571,114.319846
34.823583,114.319844
34.823583,114.319844
34.823583,114.319844
34.823601,114.31985
34.823601,114.31985
34.823601,114.31985
34.823601,114.31985
34.823606,114.319831
34.823606,114.319831
34.823606,114.319831
34.823608,114.319818
34.823608,114.319818
34.823608,114.319818
34.823608,114.319818
34.823609,114.319804
34.823609,114.319804
34.823609,114.319804
34.823613,114.319792
34.823613,114.319792
34.823613,114.319792
34.823617,114.319779
34.823617,114.319779
34.823617,114.319779
34.823617,114.319779
34.823621,114.319766
34.823621,114.319766
34.823621,114.319766
34.823623,114.319753
34.823623,114.319753
34.823623,114.319753
34.823624,114.31974
34.823624,114.31974
34.823624,114.31974
34.823624,114.31974
34.823626,114.319727
34.823626,114.319727
34.823626,114.319727
34.823634,114.319704
34.823634,114.319704
34.823634,114.319704
34.823637,114.319691
34.823637,114.319691
34.823637,114.319691
34.823637,114.319691
34.823638,114.319678
34.823638,114.319678
34.823638,114.319678
34.82364,114.31966
34.82364,114.31966
34.82364,114.31966
34.823642,114.319639
34.823642,114.319639
34.823642,114.319639
34.823642,114.319639
34.823643,114.319619
34.823643,114.319619
34.823643,114.319619
34.823648,114.319597
34.823648,114.319597
34.823648,114.319597
34.823658,114.319578
34.823658,114.319578
34.823658,114.319578
34.823658,114.319578
34.823663,114.319567
34.823663,114.319567
34.823663,114.319567
34.823667,114.319554
34.823667,114.319554
34.823667,114.319554
34.823673,114.319541
34.823673,114.319541
34.823673,114.319541
34.823673,114.319541
34.823676,114.319525
34.823676,114.319525
34.823676,114.319525
34.823684,114.319501
34.823684,114.319501
34.823684,114.319501
34.82369,114.319479
34.82369,114.319479
34.82369,114.319479
34.82369,114.319479
34.823694,114.319467
34.823694,114.319467
34.823694,114.319467
34.823698,114.319455
34.823698,114.319455
34.823698,114.319455
34.823698,114.319455
34.823699,114.319442
34.823699,114.319442
34.823699,114.319442
34.823701,114.319429
34.823701,114.319429
34.823701,114.319429
34.823712,114.319409
34.823712,114.319409
34.823712,114.319409
34.823712,114.319409
34.823715,114.319396
34.823715,114.319396
34.823715,114.319396
34.823715,114.319382
34.823715,114.319382
34.823715,114.319382
34.823719,114.31937
34.823719,114.31937
34.823719,114.31937
34.823719,114.31937
34.823725,114.319358
34.823725,114.319358
34.823725,114.319358
34.82373,114.319349
34.82373,114.319349
34.82373,114.319349
34.823734,114.319339
34.823734,114.319339
34.823734,114.319339
34.823734,114.319339
34.823734,114.319339
34.823734,114.319339
34.823734,114.319339
34.823734,114.319339
34.823734,114.319339
34.823734,114.319339
34.823734,114.319339
34.823734,114.319339
34.823734,114.319339
34.823734,114.319339
34.823734,114.319339
